J:255,119,255,255,255,255,255,255,255,255,246,117,255,255,255,255,255,255,225,253,226,135,255,255,255,255,255,255,165,96,203,139,255,255,255,255,255,255,255,96,188,142,255,255,255,255,255,255,255,124,162,40,209,255,255,255,255,255,254,83,129,180,85,91,187,254,255,239,114,168,89,251,255,224,122,77,77,89,195,255,79,255,255,255,255,255,255,255,255,255,79,255,255,255,255,255,255,255,255,255,
O:255,255,255,195,95,31,11,35,111,251,255,251,91,0,27,91,127,63,0,67,251,83,7,139,251,255,255,255,123,0,183,3,187,255,255,255,255,255,247,11,83,75,255,255,255,255,255,255,255,75,23,91,255,255,255,255,255,255,255,59,11,103,255,255,255,255,255,255,255,27,63,51,255,255,255,255,255,255,179,0,143,0,151,255,255,255,255,199,23,83,247,75,0,95,163,147,87,7,87,251,
H:230,42,42,70,99,159,180,219,240,251,244,127,63,46,7,0,0,0,0,28,255,255,255,255,237,10,60,134,123,106,255,255,255,255,226,0,159,255,255,255,255,255,255,255,177,0,194,255,255,255,255,255,255,255,159,0,226,255,255,255,255,255,255,255,134,0,237,255,255,255,141,131,141,194,99,17,244,255,255,255,106,28,3,0,0,0,0,49,116,216,255,255,247,230,187,159,120,60,7,106,
N:255,109,7,17,35,53,120,148,191,219,208,0,0,77,106,67,17,0,0,0,255,116,0,42,219,255,255,237,187,141,255,255,155,7,7,155,255,255,255,255,255,255,255,194,31,0,138,251,255,255,255,255,255,255,244,42,0,113,251,255,255,255,255,255,255,230,49,0,99,251,255,255,255,255,255,255,240,53,0,162,99,49,67,92,102,127,113,81,0,74,109,53,53,46,24,10,0,0,0,14,
E:255,255,255,255,242,218,188,147,92,39,151,114,66,56,65,36,126,164,219,114,66,199,249,255,255,137,255,255,255,155,133,255,255,255,255,124,255,255,255,147,124,255,255,255,255,123,255,255,255,144,120,255,255,255,255,116,255,255,255,133,117,255,255,255,255,117,255,255,255,119,123,255,255,255,255,114,255,255,255,232,102,253,255,255,255,226,255,255,255,255,111,252,255,255,255,255,255,255,255,255,
A:255,255,255,255,255,255,255,253,188,116,255,255,255,255,255,255,193,111,175,255,255,255,255,255,223,105,170,251,255,255,255,255,230,123,128,111,255,255,255,255,248,140,111,235,255,122,255,255,255,255,45,173,255,255,251,126,255,255,255,255,205,90,138,217,251,102,255,255,255,255,255,255,224,128,73,79,253,255,255,255,255,255,255,255,244,153,82,167,255,255,255,255,255,255,255,255,255,152,79,176,
K:147,101,81,37,31,28,40,20,26,37,176,199,217,217,237,43,150,226,255,226,255,255,255,255,205,2,162,255,255,255,255,255,255,255,78,205,69,246,255,255,255,255,255,194,141,255,176,136,255,255,255,255,252,95,246,255,255,66,220,255,255,255,159,179,255,255,255,197,66,252,255,246,78,255,255,255,255,255,113,141,255,141,205,255,255,255,255,255,243,46,249,98,255,255,255,255,255,255,255,173,
B:127,31,58,103,138,175,191,233,255,255,108,249,201,159,114,55,47,18,31,122,122,255,255,255,255,148,255,249,212,66,119,255,255,255,255,90,255,255,255,119,103,255,255,255,249,106,255,255,255,135,114,255,255,255,183,116,255,255,255,162,151,209,255,255,92,90,255,255,255,130,244,69,231,167,140,71,247,255,249,82,255,215,63,63,255,183,87,244,106,154,255,255,255,255,255,255,154,18,119,255,
C:255,255,255,255,150,49,26,63,173,255,255,255,249,84,101,228,255,237,107,165,255,252,81,144,255,255,255,255,255,86,255,127,139,255,255,255,255,255,255,191,220,92,255,255,255,255,255,255,255,217,124,228,255,255,255,255,255,255,255,255,115,255,255,255,255,255,255,255,255,255,170,255,255,255,255,255,255,255,255,255,255,255,255,255,255,255,255,255,255,234,255,255,255,255,255,255,255,255,255,240,
D:92,60,107,191,223,255,255,255,255,255,133,252,208,127,63,28,89,139,199,240,147,255,255,255,255,252,217,139,72,17,144,255,255,255,255,255,255,255,255,141,144,255,255,255,255,255,255,255,255,104,147,255,255,255,255,255,255,255,252,92,159,223,255,255,255,255,255,255,182,147,249,133,255,255,255,255,255,252,57,231,255,176,191,255,255,255,255,121,153,255,255,255,115,121,211,188,110,86,252,255,
F:182,135,145,145,129,109,79,52,29,23,36,105,109,135,145,46,135,235,255,255,96,255,255,255,255,115,205,255,255,255,79,255,255,255,255,115,205,255,255,255,79,255,255,255,255,115,205,255,255,255,86,255,255,255,255,115,218,255,255,255,69,255,255,255,255,99,221,255,255,255,66,255,255,255,255,228,255,255,255,255,66,255,255,255,255,255,255,255,255,255,69,255,255,255,255,255,255,255,255,255,
G:255,255,255,255,239,160,132,94,86,163,255,255,252,124,109,226,255,255,255,94,255,252,112,209,255,255,255,255,255,181,255,124,234,255,255,255,255,255,255,191,175,191,255,255,255,255,255,255,255,160,119,255,255,255,255,224,239,255,252,99,196,255,255,255,255,127,89,221,117,209,255,255,255,255,255,147,99,168,242,255,255,255,255,255,255,153,175,255,255,255,255,255,255,255,255,145,158,255,255,255,
I:226,255,255,255,255,255,255,255,255,255,56,255,255,255,255,255,255,255,255,255,0,141,255,255,255,255,255,255,255,255,0,28,255,255,255,255,255,255,255,255,0,0,141,255,255,255,255,255,255,255,28,0,0,170,255,255,255,255,255,255,56,0,0,0,170,255,255,255,255,255,141,0,0,0,0,28,255,255,255,255,226,85,0,0,0,0,0,198,255,255,255,226,0,0,0,0,0,0,170,255,
J:129,255,255,255,255,255,255,255,246,255,68,255,255,255,255,255,255,255,117,157,76,255,255,255,255,255,255,255,250,76,80,255,255,255,255,255,255,255,255,182,56,255,255,255,255,255,255,255,255,255,24,137,250,255,255,255,255,255,255,255,32,97,32,105,161,190,226,218,194,68,68,255,250,210,165,121,109,89,109,194,60,255,255,255,255,255,255,255,255,255,68,255,255,255,255,255,255,255,255,255,
K:51,58,109,171,185,218,225,255,255,255,255,229,160,134,102,14,43,58,25,65,255,255,255,255,247,25,200,255,255,255,255,255,255,255,98,25,163,255,255,255,255,255,255,153,98,229,51,244,255,255,255,255,200,58,251,255,153,120,255,255,255,244,47,225,255,255,251,54,193,255,255,109,171,255,255,255,255,200,32,247,189,72,255,255,255,255,255,255,120,127,43,233,255,255,255,255,255,255,244,29,
L:63,92,166,226,255,255,255,255,255,255,255,223,148,99,53,77,127,159,208,237,255,255,255,255,255,233,180,145,88,10,255,255,255,255,255,255,255,255,255,85,255,255,255,255,255,255,255,255,255,49,255,255,255,255,255,255,255,255,255,3,255,255,255,255,255,255,255,255,226,24,255,255,255,255,255,255,255,255,205,46,255,255,255,255,255,255,255,255,166,85,255,255,255,255,255,255,255,255,138,106,
M:255,255,255,255,253,213,182,113,52,25,229,162,94,51,49,90,111,162,231,255,1,64,217,255,255,255,255,255,255,255,151,45,170,255,255,255,255,255,255,255,255,241,98,86,225,255,255,255,255,255,255,255,255,78,178,255,255,255,255,255,255,255,215,98,255,255,255,255,255,255,255,251,92,235,255,255,255,255,255,255,255,92,217,255,255,253,251,219,209,170,153,19,154,113,78,37,49,54,82,125,
N:255,255,255,255,255,240,184,151,81,47,221,168,123,86,36,44,84,117,193,255,109,0,14,159,229,255,255,255,255,255,232,36,30,221,255,255,255,255,255,255,255,240,75,11,98,170,246,255,255,255,255,255,255,176,70,11,30,142,252,255,255,255,255,255,255,249,106,0,30,210,255,255,255,255,255,255,162,0,0,162,255,255,246,165,98,50,19,126,218,255,210,112,16,78,128,176,249,255,255,255,
O:255,255,255,231,133,64,38,36,133,252,255,255,164,90,177,236,255,242,85,131,255,115,157,252,255,255,255,255,239,43,128,177,255,255,255,255,255,255,255,121,79,255,255,255,255,255,255,255,255,159,87,255,255,255,255,255,255,255,255,141,110,255,255,255,255,255,255,255,255,97,128,255,255,255,255,255,255,255,242,97,170,188,255,255,255,255,255,252,95,221,255,146,172,252,255,236,136,66,216,255,
P:69,3,0,0,3,23,46,115,166,181,50,231,247,235,189,104,0,15,0,0,100,255,255,255,255,243,34,247,231,204,96,255,255,255,255,255,88,255,255,255,100,255,255,255,255,255,88,255,255,255,85,255,255,255,255,239,96,255,255,255,123,231,255,255,255,208,131,255,255,255,212,123,255,255,255,142,177,255,255,255,255,92,224,255,216,42,243,255,255,255,255,208,38,77,11,170,255,255,255,255,
Q:255,242,142,78,91,91,70,187,255,255,250,82,163,246,255,255,250,80,214,255,121,204,255,255,255,255,255,206,116,255,14,229,255,255,255,250,255,255,78,255,153,121,255,255,255,170,161,255,85,255,255,144,193,255,255,250,59,231,76,255,255,252,106,248,255,255,184,14,106,255,255,255,227,142,246,252,170,0,85,255,255,255,255,238,140,106,136,233,61,167,255,255,255,255,255,255,255,255,225,25,
R:66,160,172,186,245,255,255,255,255,255,125,211,192,123,100,74,90,143,158,215,151,255,255,255,255,153,47,172,117,66,147,255,255,255,255,200,54,255,255,255,168,241,255,255,255,221,1,219,255,255,243,131,253,255,255,198,0,115,255,255,255,221,111,237,237,76,162,45,223,255,255,255,207,98,68,162,255,168,100,255,255,255,255,255,255,255,255,253,80,194,255,255,255,255,255,255,255,255,227,64,
S:255,55,199,255,255,255,255,255,255,239,231,0,47,255,255,255,255,255,255,175,175,79,23,175,255,255,255,255,255,175,103,199,135,39,255,255,255,255,255,191,55,247,247,31,183,255,255,255,255,223,47,255,255,143,47,255,255,255,255,239,47,255,255,247,15,151,255,255,255,231,23,255,255,255,151,7,231,255,255,199,31,255,255,255,255,63,87,255,255,95,183,255,255,255,255,223,15,63,71,31,
T:228,95,255,255,255,255,255,255,255,255,191,95,255,255,255,255,255,255,255,255,170,111,255,255,255,255,255,255,255,255,138,148,255,255,255,255,255,255,255,255,106,154,255,255,255,255,255,255,255,255,90,0,53,175,255,255,255,255,255,255,63,196,164,63,21,106,196,255,255,255,42,223,255,255,217,127,21,21,90,185,47,255,255,255,255,255,249,185,90,21,31,255,255,255,255,255,255,255,255,239,
U:194,91,72,78,78,60,85,176,255,255,255,255,255,255,255,255,230,85,91,255,255,255,255,255,255,255,255,255,97,151,255,255,255,255,255,255,255,255,230,30,255,255,255,255,255,255,255,255,248,60,255,255,255,255,255,255,255,255,145,218,255,255,255,255,255,255,248,139,206,255,170,182,182,170,170,206,212,242,255,255,151,97,48,0,109,242,255,255,255,255,255,255,255,200,133,72,54,85,133,200,
V:51,204,255,255,255,255,255,255,255,255,196,65,72,167,247,255,255,255,255,255,255,255,204,109,43,123,204,255,255,255,255,255,255,255,255,138,51,51,174,247,255,255,255,255,255,255,255,196,43,21,255,255,255,255,255,255,255,255,218,0,255,255,255,255,255,255,255,182,43,145,255,255,255,255,255,240,87,65,233,255,255,255,255,255,189,51,138,247,255,255,255,255,196,72,87,240,255,255,255,255,
W:187,75,159,235,255,255,255,255,255,255,255,251,199,127,83,107,191,247,255,255,255,255,255,255,255,239,155,83,79,147,255,255,255,255,255,255,255,223,67,71,255,255,255,255,255,179,67,103,199,251,255,255,255,231,67,79,231,255,255,255,255,255,255,239,107,83,151,215,255,255,255,255,255,255,255,247,183,91,31,151,255,255,255,255,235,167,111,63,75,175,239,187,107,79,107,167,231,255,255,255,
X:180,255,255,255,255,255,255,255,207,63,154,228,255,255,255,255,255,201,26,212,233,90,239,255,255,255,212,31,196,255,255,207,63,228,255,212,21,164,255,255,255,255,212,47,154,31,164,255,255,255,255,255,255,79,0,85,255,255,255,255,255,255,164,26,143,31,175,255,255,255,249,106,79,223,255,217,47,159,255,255,116,74,249,255,255,255,228,47,148,255,239,255,255,255,255,255,255,239,58,132,
Y:119,232,255,255,255,255,255,255,255,255,204,51,113,243,255,255,255,255,255,255,255,255,119,17,192,255,255,255,255,255,255,255,255,153,90,255,255,255,255,255,255,255,255,113,0,68,124,153,209,255,255,255,249,85,226,175,124,73,0,5,255,255,147,204,255,255,255,255,243,158,255,226,90,255,255,255,255,255,255,255,255,113,181,255,255,255,255,255,255,255,243,85,255,255,255,255,255,255,255,255,
Z:196,255,255,255,255,255,255,255,255,255,233,255,255,255,255,255,255,255,191,85,228,255,255,255,255,255,255,159,10,15,233,255,255,255,255,249,74,31,159,79,207,255,255,255,249,69,69,249,223,85,148,255,255,249,69,63,249,255,191,111,106,255,249,79,90,244,255,255,143,132,111,63,37,90,249,255,255,255,127,159,201,116,170,255,255,255,255,255,95,185,255,255,255,255,255,255,255,255,79,191,
P:173,37,35,57,99,73,161,183,185,209,123,235,247,215,171,55,109,131,121,93,135,255,255,255,255,135,255,255,255,255,141,255,255,255,255,149,255,255,255,255,145,255,255,255,255,155,255,255,255,255,137,255,255,255,255,153,255,255,255,255,119,255,255,255,255,145,255,255,255,255,111,231,255,255,249,159,255,255,255,255,213,85,251,255,161,235,255,255,255,255,255,181,69,191,133,255,255,255,255,255,
L:98,34,15,21,74,151,193,233,255,255,199,255,255,244,215,119,106,42,18,47,255,255,255,255,255,255,255,252,220,47,255,255,255,255,255,255,255,255,255,127,255,255,255,255,255,255,255,255,255,124,255,255,255,255,255,255,255,255,255,119,255,255,255,255,255,255,255,255,255,122,255,255,255,255,255,255,255,255,255,114,255,255,255,255,255,255,255,255,255,116,255,255,255,255,255,255,255,255,255,140,
E:130,9,45,91,124,147,183,212,232,255,107,255,228,202,153,6,71,45,16,78,147,255,255,255,255,94,251,255,232,101,137,255,255,255,255,130,255,255,255,245,153,255,255,255,255,140,255,255,255,255,160,255,255,255,219,186,255,255,255,255,150,255,255,255,173,235,255,255,255,255,147,255,255,255,186,255,255,255,255,255,137,255,255,255,255,255,255,255,255,225,163,255,255,255,255,255,255,255,255,222,
A:255,255,255,255,255,255,255,255,217,122,255,255,255,255,255,204,138,82,122,215,255,255,225,124,45,63,45,247,255,255,146,55,108,199,249,233,106,255,255,255,26,138,255,255,255,225,132,255,255,255,207,37,164,255,255,196,156,255,255,255,255,220,66,85,220,159,172,255,255,255,255,255,255,143,15,13,151,255,255,255,255,255,255,255,228,111,26,119,244,255,255,255,255,255,255,255,233,103,23,138,
S:255,236,113,110,247,255,255,255,255,255,255,120,240,226,160,255,255,255,255,255,240,141,255,255,132,255,255,255,255,255,162,212,255,255,129,255,255,255,255,243,146,250,255,255,132,255,255,255,255,174,139,255,255,255,106,255,255,255,255,184,155,255,255,255,115,243,255,255,255,184,172,255,255,255,148,200,255,255,255,122,243,255,255,255,231,89,252,255,238,51,255,255,255,255,255,158,75,136,61,188,
E:195,55,87,116,165,231,255,255,255,255,172,197,238,178,80,25,104,189,248,255,157,231,255,255,138,208,195,78,34,112,146,242,255,255,116,244,255,255,235,51,127,255,255,255,99,255,255,255,255,91,112,255,255,255,97,255,255,255,255,102,116,255,255,255,131,255,255,255,255,112,116,255,255,255,255,255,255,255,255,119,121,255,255,255,255,255,255,255,252,106,121,255,255,255,255,255,255,255,233,114,
T:255,137,255,255,255,255,255,255,255,255,255,130,255,255,255,255,255,255,255,255,248,125,255,255,255,255,255,255,255,255,215,168,255,255,255,255,255,255,255,255,183,163,255,255,255,255,255,255,255,255,156,81,134,132,134,135,129,138,148,161,140,248,255,255,255,255,255,250,217,192,143,255,255,255,255,255,255,255,255,255,132,255,255,255,255,255,255,255,255,255,135,255,255,255,255,255,255,255,255,255,
E:179,69,103,81,51,33,48,45,42,42,139,91,124,206,88,91,200,173,191,39,145,248,255,255,163,176,255,255,255,121,160,255,255,255,151,227,255,255,255,118,148,255,255,255,133,255,255,255,255,97,163,255,255,255,127,255,255,255,255,109,163,255,255,255,139,255,255,255,248,118,148,255,255,255,139,255,255,255,221,130,157,255,255,255,206,255,255,255,200,185,127,255,255,255,255,255,255,255,239,239,
S:255,224,63,45,221,255,255,255,255,255,255,100,148,179,106,255,255,255,255,255,242,97,255,255,97,255,255,255,255,251,154,194,255,255,127,255,255,255,255,176,112,251,255,255,106,255,255,255,255,145,136,255,255,255,106,251,255,255,255,160,133,255,255,255,100,224,255,255,255,151,127,255,255,255,139,182,255,255,255,124,142,255,255,255,185,106,255,255,255,97,255,255,255,255,248,39,136,200,145,78,
T:170,255,255,255,255,255,255,255,255,255,127,255,255,255,255,255,255,255,255,255,127,255,255,255,255,255,255,255,255,255,127,255,255,255,255,255,255,255,255,255,106,251,255,255,255,255,255,255,255,255,75,133,179,224,255,255,255,255,255,255,63,51,9,0,88,203,255,255,255,255,94,255,248,206,91,0,9,63,157,248,97,255,255,255,255,209,151,63,0,39,115,255,255,255,255,255,255,255,200,109,
D:98,132,132,133,170,194,212,215,223,233,171,255,255,255,231,197,194,184,166,129,170,255,255,255,255,255,255,255,255,255,185,255,255,255,255,255,255,255,255,255,178,255,255,255,255,255,255,255,255,255,173,255,255,255,255,255,255,255,255,222,165,248,255,255,255,255,255,255,255,154,240,171,255,255,255,255,255,255,233,169,255,170,218,255,255,255,255,242,126,252,255,255,197,175,184,205,146,146,244,255,
U:222,134,140,145,134,135,145,132,160,248,219,255,255,255,255,255,255,255,222,117,255,255,255,255,255,255,255,255,255,163,255,255,255,255,255,255,255,255,255,178,255,255,255,255,255,255,255,255,233,130,255,255,255,255,255,255,255,227,93,240,255,255,255,255,255,217,111,122,245,255,204,186,140,98,78,152,241,255,255,255,142,96,50,14,52,160,210,248,255,255,255,255,255,255,253,215,150,104,94,171,
D:63,92,163,218,245,255,255,255,255,255,102,204,161,108,73,51,114,179,224,255,174,255,255,255,255,255,204,118,49,67,182,255,255,255,255,255,255,255,255,132,167,253,255,255,255,255,255,255,255,148,199,191,255,255,255,255,255,255,255,131,255,103,249,255,255,255,255,255,224,144,255,205,128,255,255,255,255,255,135,221,255,255,139,140,255,255,255,229,96,255,255,255,255,134,71,155,143,51,218,255,
E:174,32,92,140,201,249,255,255,255,255,123,216,202,147,52,15,66,131,195,223,123,255,255,255,168,162,218,160,85,17,133,255,255,255,155,202,255,255,255,133,114,255,255,255,143,212,255,255,255,107,131,255,255,255,131,223,255,255,255,90,107,255,255,255,110,229,255,255,255,90,110,255,255,255,99,238,255,255,221,116,123,255,255,255,104,255,255,255,189,143,239,255,255,255,236,255,255,255,174,181,
C:255,255,255,255,220,75,48,57,156,255,255,255,255,219,100,228,255,250,108,147,255,255,231,103,247,255,255,255,255,87,255,255,120,241,255,255,255,255,255,130,255,192,208,255,255,255,255,255,255,184,255,142,255,255,255,255,255,255,255,204,204,195,255,255,255,255,255,255,255,219,148,253,255,255,255,255,255,255,255,225,159,255,255,255,255,255,255,255,255,213,168,255,255,255,255,255,255,255,255,229,
A:255,255,255,255,255,255,255,226,136,141,255,255,255,255,249,173,120,151,243,255,255,255,206,124,126,44,229,255,255,255,132,118,167,245,255,114,255,255,255,255,79,199,255,255,231,137,255,255,255,255,250,141,113,239,191,176,255,255,255,255,255,255,211,79,69,194,255,255,255,255,255,255,255,250,95,99,249,255,255,255,255,255,255,255,253,165,69,194,255,255,255,255,255,255,255,255,240,112,85,227,
T:217,205,255,255,255,255,255,255,255,255,204,217,255,255,255,255,255,255,255,255,176,251,255,255,255,255,255,255,255,255,154,255,255,255,255,255,255,255,255,255,132,255,255,255,255,255,255,255,255,255,90,161,253,255,255,255,255,255,255,255,90,100,69,190,253,255,255,255,255,255,129,255,234,129,66,81,151,246,255,255,130,255,255,255,255,227,120,32,103,198,127,255,255,255,255,255,255,244,170,47,
S:255,218,94,97,194,255,255,255,255,255,253,118,248,253,103,255,255,255,255,255,175,211,255,255,128,249,255,255,255,233,157,255,255,255,135,252,255,255,255,184,158,255,255,255,127,255,255,255,255,157,166,255,255,255,128,251,255,255,255,128,195,255,255,255,155,220,255,255,255,110,255,255,255,255,186,162,255,255,255,86,255,255,255,255,244,75,251,255,173,114,255,255,255,255,255,155,55,97,37,230,
A:255,255,255,255,255,255,255,224,154,132,255,255,255,255,231,147,92,181,252,255,255,245,176,117,149,234,108,255,255,255,95,121,214,253,255,255,111,255,255,255,181,92,222,255,255,255,115,255,255,255,255,244,128,143,249,255,113,255,255,255,255,255,255,198,108,177,111,255,255,255,255,255,255,255,255,146,48,228,255,255,255,255,255,255,255,255,226,105,155,255,255,255,255,255,255,255,255,255,179,83,
T:144,255,255,255,255,255,255,255,255,255,133,255,255,255,255,255,255,255,255,255,130,255,255,255,255,255,255,255,255,255,117,255,255,255,255,255,255,255,255,255,70,158,202,211,229,249,255,255,255,255,106,255,252,235,208,210,207,173,172,179,127,255,255,255,255,255,255,255,255,255,117,255,255,255,255,255,255,255,255,255,132,255,255,255,255,255,255,255,255,255,124,255,255,255,255,255,255,255,255,255,
T:119,255,255,255,255,255,255,255,255,255,102,255,255,255,255,255,255,255,255,255,115,255,255,255,255,255,255,255,255,255,121,255,255,255,255,255,255,255,255,255,57,78,77,143,207,209,199,199,213,222,104,255,255,247,255,255,253,207,166,157,132,255,255,255,255,255,255,255,255,255,116,255,255,255,255,255,255,255,255,255,102,255,255,255,255,255,255,255,255,255,114,255,255,255,255,255,255,255,255,255,
C:255,255,255,255,222,111,34,57,192,255,255,255,255,196,63,175,248,215,71,230,255,255,221,85,249,255,255,255,218,111,255,251,98,239,255,255,255,255,255,99,255,159,197,255,255,255,255,255,255,128,253,116,255,255,255,255,255,255,255,133,185,187,255,255,255,255,255,255,255,121,124,253,255,255,255,255,255,255,255,116,142,255,255,255,255,255,255,255,255,131,143,255,255,255,255,255,255,255,255,249,
U:255,247,187,135,95,66,72,105,170,255,202,87,162,213,248,255,255,243,143,105,128,253,255,255,255,255,255,255,255,132,255,255,255,255,255,255,255,255,255,215,255,255,255,255,255,255,255,255,255,213,255,255,255,255,255,255,255,255,255,103,255,255,255,255,255,255,255,255,146,168,255,255,255,255,255,255,216,95,160,255,255,255,255,245,165,80,51,233,255,255,166,93,41,1,0,0,20,86,130,251,
B:82,58,62,86,90,123,167,212,247,255,124,206,219,193,180,120,12,56,19,103,168,255,255,255,255,207,100,255,253,134,176,255,255,255,255,154,122,255,255,139,167,255,255,255,255,104,143,255,255,129,142,255,255,255,255,31,158,255,255,113,181,187,255,255,201,67,129,255,255,102,255,100,231,233,85,237,85,255,255,92,255,230,73,43,225,255,98,172,198,118,255,255,255,255,255,255,239,71,32,234,
E:77,51,108,185,248,255,255,255,255,255,102,214,152,72,6,42,89,100,119,179,124,255,255,255,147,110,166,132,105,17,129,255,255,255,151,210,255,255,255,118,143,255,255,255,135,228,255,255,255,124,125,255,255,255,119,250,255,255,255,105,127,255,255,255,114,255,255,255,255,97,130,255,255,255,99,255,255,255,255,81,89,255,255,255,91,255,255,255,255,75,124,255,255,255,157,255,255,255,255,80,
T:180,255,255,255,255,255,255,255,255,255,178,255,255,255,255,255,255,255,255,255,175,255,255,255,255,255,255,255,255,255,174,255,255,255,255,255,255,255,255,255,89,193,198,201,190,184,176,145,137,134,111,206,214,213,196,212,226,233,242,254,170,255,255,255,255,255,255,255,255,255,181,255,255,255,255,255,255,255,255,255,168,255,255,255,255,255,255,255,255,255,184,255,255,255,255,255,255,255,255,255,
I:204,255,255,255,255,255,255,255,255,255,17,187,255,255,255,255,255,255,255,255,0,153,255,255,255,255,255,255,255,255,34,0,170,255,255,255,255,255,255,255,34,0,0,187,204,255,255,255,255,255,85,0,0,0,0,119,255,255,255,255,204,0,0,0,0,0,0,136,255,255,255,34,0,0,0,0,0,0,153,255,255,221,0,0,0,0,0,0,0,187,255,255,153,0,0,0,0,0,0,0,
T:202,255,255,255,255,255,255,255,255,255,206,255,255,255,255,255,255,255,255,255,202,255,255,255,255,255,255,255,255,255,210,255,255,255,255,255,255,255,255,255,168,255,255,255,255,255,255,255,255,255,76,159,164,164,143,148,162,132,136,139,194,255,255,255,255,255,255,255,255,255,210,255,255,255,255,255,255,255,255,255,216,255,255,255,255,255,255,255,255,255,204,255,255,255,255,255,255,255,255,255,
T:158,255,255,255,255,255,255,255,255,255,153,255,255,255,255,255,255,255,255,255,152,255,255,255,255,255,255,255,255,255,152,255,255,255,255,255,255,255,255,255,86,193,202,206,196,191,182,151,144,138,91,179,188,187,172,189,203,212,221,230,153,255,255,255,255,255,255,255,255,255,159,255,255,255,255,255,255,255,255,255,150,255,255,255,255,255,255,255,255,255,155,255,255,255,255,255,255,255,255,255,
I:34,255,255,255,255,255,255,255,255,255,0,153,255,255,255,255,255,255,255,255,17,85,238,255,255,255,255,255,255,255,34,0,68,255,255,255,255,255,255,255,34,0,0,51,68,221,255,255,255,255,68,0,0,0,0,17,136,255,255,255,153,0,0,0,0,0,0,0,238,255,170,17,0,0,0,0,0,0,51,255,255,51,0,0,0,0,0,0,0,51,255,255,0,0,0,0,0,0,0,0,
G:255,255,255,255,255,219,156,160,161,208,255,255,255,241,145,199,255,255,255,196,255,255,214,136,239,255,255,255,255,255,255,214,167,255,255,255,255,255,255,221,235,150,255,255,255,255,255,255,255,145,184,253,255,255,255,248,255,255,222,180,221,255,255,255,255,80,111,120,153,255,253,255,255,255,255,163,255,255,255,255,255,255,255,255,255,130,255,255,255,255,255,255,255,255,255,66,160,176,174,175,
E:255,255,255,218,150,155,111,94,65,58,165,106,43,21,14,114,136,153,172,38,63,177,250,245,104,255,255,255,255,119,128,255,255,255,131,255,255,255,255,114,157,255,255,255,131,255,255,255,255,106,145,255,255,252,111,255,255,255,255,109,162,255,255,255,116,255,255,255,250,109,216,255,255,255,143,255,255,255,238,128,167,255,255,255,145,255,255,255,252,187,140,255,255,255,235,255,255,255,255,255,
R:185,162,105,66,75,73,45,30,11,34,49,120,153,196,179,30,98,198,219,234,113,255,255,255,255,71,115,255,255,255,145,255,255,255,255,75,49,251,255,255,139,255,255,255,255,85,160,164,255,255,143,245,255,255,243,86,247,71,255,255,232,111,255,255,164,136,255,113,171,255,255,153,64,85,20,222,255,226,49,245,255,255,192,141,205,255,255,255,130,124,255,255,255,255,255,255,255,255,247,34,
